Loss History:
0.6932171023706241
0.6920075714597523
0.6910449006895243
0.6902761516121622
0.6896599526642099
0.6891639513128124
0.6887628293730493
0.6884367569187755
0.6881701877206294
0.6879509206121123
0.6877693679195065
0.6876179851298406
0.6874908261255908
0.6873831962190192
0.6872913813726244
0.6872124367801835
0.6871440217101352
0.6870842704123709
0.6870316911470824
0.6869850871504617
0.6869434947189988
0.6869061346588048
0.6868723741740893
0.6868416969146521
0.6868136794040028
0.686787972460815
0.6867642865318501
0.6867423800908097
0.6867220504435313
0.6867031264237107
0.6866854625757504
0.6866689345093693
0.6866534351784709
0.686638871891106
0.6866251638980604
0.6866122404407977
0.6866000391652651
0.6865885048268825
0.6865775882292543
0.6865672453496691
0.6865574366157419
0.6865481263034822
0.6865392820343925
0.6865308743527968
0.6865228763691882
0.6865152634572388
0.6865080129957775
0.6865011041473921
0.6864945176678252
0.6864882357412143
0.6864822418368719
0.686476520584274
0.6864710576636268
0.6864658397095184
0.6864608542259707
0.6864560895111552
0.6864515345904929
0.686447179156919
0.6864430135175564
0.6864390285460139
0.686435215639111
0.6864315666782298
0.6864280739943139
0.6864247303358754
0.6864215288403358
0.6864184630076514
0.6864155266763582
0.6864127140016775
0.686410019435473
0.6864074377077454
0.6864049638097256
0.6864025929783726
0.6864003206816717
0.6863981426056573
0.6863960546418083
0.686394052875812
0.6863921335765241
0.6863902931866226
0.6863885283128219
0.6863868357176353
0.6863852123110432
0.6863836551431756
0.6863821613969987
0.6863807283818383
0.6863793535270393
0.6863780343761373
0.686376768581309
0.6863755538981667
0.6863743881807425
0.6863732693770237
0.6863721955243878
0.6863711647454221
0.6863701752441745
0.6863692253022227
0.686368313275214
0.6863674375894823
0.6863665967388746
0.6863657892817041
0.6863650138378357
0.6863642690860271
0.6863635537612119
0.6863628666520804
0.6863622065987166
0.6863615724902941
0.6863609632629765
0.6863603778977744
0.686359815418806
0.6863592748911082
0.6863587554191958
0.6863582561450591
0.6863577762468118
0.6863573149368875
0.6863568714607573
0.6863564450954494
0.6863560351481549
0.686355640954993
0.6863552618797234
0.6863548973126706
0.6863545466694139
0.6863542093899375
0.6863538849373789
0.6863535727972138
0.6863532724762286
0.6863529835015332
0.6863527054199663
0.6863524377969854
0.6863521802159825
0.6863519322775454
0.6863516935987554
0.6863514638124415
0.6863512425664887
0.6863510295233599
0.686350824359191
0.6863506267635842
0.6863504364387495
0.6863502530991197
0.6863500764707993
0.6863499062910781
0.6863497423079661
0.6863495842797418
0.6863494319745234
0.6863492851698543
0.6863491436523562
0.686349007217247
0.6863488756680434
0.6863487488162815
0.6863486264811067
0.6863485084889489
0.6863483946732107
0.6863482848740702
0.6863481789380625
0.6863480767180208
0.6863479780724977
0.6863478828659011
0.6863477909679572
0.6863477022536482
0.6863476166029172
0.6863475339005032
0.6863474540357772
0.6863473769024336
0.6863473023984725
0.686347230425877
0.6863471608905419
0.6863470937020427
0.6863470287735698
0.6863469660217096
0.6863469053663355
0.6863468467304793
0.6863467900401681
0.6863467352243628
0.6863466822147379
0.6863466309456943
0.6863465813541526
0.6863465333795582
0.6863464869635657
0.6863464420501705
0.6863463985855872
0.6863463565180561
0.6863463157977536
0.6863462763768517
0.6863462382093434
0.6863462012509525
0.686346165459122
0.6863461307929106
0.686346097212892
0.6863460646812423
0.6863460331614579
0.6863460026185093
0.686345973018569
0.6863459443292544
0.6863459165191881
0.6863458895583616
0.6863458634177914
0.6863458380695637
0.6863458134868485
0.6863457896438042
0.6863457665155028
0.6863457440780029
0.6863457223081542
0.6863457011837859
0.686345680683404
0.6863456607863959
0.6863456414728641
0.6863456227236249
0.6863456045201867
0.6863455868447544
0.6863455696802142
0.6863455530099289
0.6863455368179979
0.6863455210890257
0.6863455058081738
0.6863454909611123
0.6863454765340541
0.6863454625136878
0.6863454488871666
0.6863454356420805
0.6863454227665061
0.686345410248862
0.6863453980780161
0.6863453862432018
0.6863453747340547
0.6863453635405657
0.6863453526529971
0.686345342062066
0.6863453317587189
0.6863453217342015
0.6863453119800973
0.6863453024882811
0.6863452932508954
0.6863452842602938
0.6863452755091572
0.6863452669903979
0.6863452586970757
0.6863452506226424
0.6863452427606048
0.6863452351047722
0.6863452276491802
0.6863452203879689
0.686345213315519
0.6863452064263783
0.686345199715338
0.6863451931772282
0.686345186807185
0.6863451806003947
0.6863451745522365
0.6863451686582707
0.6863451629141382
0.6863451573156379
0.6863451518586958
0.686345146539402
0.6863451413539307
0.6863451362985563
0.6863451313697424
0.6863451265639863
0.6863451218779227
0.686345117308302
0.686345112851923
0.6863451085057948
0.6863451042668813
0.6863451001322863
0.6863450960992592
0.6863450921650909
0.6863450883270484
0.6863450845826885
0.6863450809294813
0.6863450773650378
0.6863450738870236
0.6863450704931114
0.6863450671812141
0.6863450639490687
0.6863450607946824
0.6863450577160016
0.6863450547110683
0.6863450517780306
0.6863450489149956
0.6863450461201501
0.6863450433917698
0.6863450407281969
0.6863450381277055
0.6863450355887765
0.6863450331098244
0.6863450306892918
0.6863450283257775
0.6863450260177866
0.6863450237639782
0.6863450215629685
0.6863450194134653
0.6863450173141666
0.6863450152638225
0.6863450132612586
0.6863450113052375
0.6863450093946913
0.6863450075284275
0.6863450057053985
0.6863450039245429
0.6863450021848228
0.6863450004852478
0.6863449988248279
0.6863449972026164
0.6863449956177087
0.6863449940691879
0.6863449925561629
0.6863449910778124
0.6863449896333037
0.6863449882217676
0.6863449868424669
0.686344985494615
0.6863449841775
0.6863449828903132
0.6863449816324424
0.6863449804030929
0.6863449792016577
0.6863449780274351
0.6863449768798054
0.6863449757581774
0.6863449746618697
0.6863449735903511
0.6863449725429789
0.686344971519227
0.6863449705185519
0.6863449695403709
0.6863449685842085
0.6863449676495225
0.6863449667358367
0.6863449658426476
0.6863449649694858
0.6863449641158808
0.6863449632813962
0.6863449624655512
0.6863449616679606
0.6863449608882022
0.6863449601258416
0.686344959380512
0.6863449586517527
0.6863449579392712
0.6863449572426394
0.6863449565615124
0.6863449558955391
0.6863449552443802
0.6863449546076758
0.6863449539851191
0.6863449533763645
0.6863449527811107
0.68634495219908
0.6863449516299476
0.6863449510733864
0.6863449505291562
0.6863449499969758
0.6863449494765637
0.6863449489676611
0.6863449484699743
0.6863449479833074
0.6863449475073715
0.6863449470419379
0.6863449465867759
0.6863449461416287
0.6863449457063105
0.6863449452805651
0.6863449448642265
0.6863449444570415
0.6863449440587993
0.6863449436693105
0.6863449432884225
0.6863449429158801
0.6863449425515387
0.6863449421951946
0.6863449418466837
0.6863449415058257
0.6863449411724116
0.686344940846341
0.6863449405274324
0.6863449402154949
0.6863449399104018
0.6863449396119933
0.6863449393201052
0.6863449390346446
0.6863449387554325
0.6863449384823206
0.6863449382151875
0.6863449379538703
0.6863449376982819
0.6863449374483122
0.6863449372037878
0.6863449369645883
0.6863449367306358
0.6863449365018044
0.6863449362779561
0.6863449360590077
0.6863449358448395
0.6863449356353439
0.6863449354304264
0.6863449352299661
0.686344935033876
0.6863449348420685
0.6863449346544594
0.6863449344709317
0.6863449342914134
0.6863449341158049
0.6863449339440209
0.6863449337759523
0.6863449336115788
0.6863449334507805
0.686344933293482
0.6863449331396193
0.6863449329890741
0.6863449328418323
0.6863449326977954
0.6863449325568832
0.6863449324190538
0.6863449322842089
0.6863449321523017
0.686344932023273
0.6863449318970524
0.6863449317735627
0.6863449316527566
0.6863449315345828
0.686344931418972
0.6863449313058971
0.6863449311952736
0.686344931087039
0.6863449309811777
0.6863449308775798
0.6863449307762431
0.6863449306771331
0.6863449305801732
0.6863449304852979
0.6863449303925112
0.686344930301716
0.6863449302128926
0.6863449301260178
0.6863449300410116
0.686344929957871
0.686344929876511
0.6863449297969453
0.6863449297190781
0.6863449296429064
0.686344929568391
0.6863449294954944
0.68634492942418
0.6863449293544152
0.6863449292861615
0.6863449292193828
0.6863449291540678
0.6863449290901354
0.6863449290276202
0.686344928966464
0.6863449289066119
0.6863449288480855
0.68634492879081
0.6863449287347763
0.6863449286799487
0.6863449286263245
0.6863449285738741
0.6863449285225155
0.6863449284723234
0.6863449284232183
0.6863449283751286
0.6863449283281283
0.6863449282821069
0.6863449282371136
0.6863449281930707
0.6863449281500199
0.6863449281078737
0.6863449280666453
0.6863449280263062
0.6863449279868408
0.6863449279482426
0.6863449279104912
0.6863449278735282
0.6863449278373688
0.6863449278019976
0.6863449277674116
0.6863449277335456
0.6863449277004363
0.6863449276680408
0.6863449276363521
0.6863449276053327
0.6863449275749969
0.6863449275453188
0.6863449275162831
0.6863449274878574
0.6863449274600644
0.6863449274328777
0.6863449274062638
0.6863449273802331
0.6863449273547421
0.6863449273298564
0.6863449273054741
0.6863449272816309
0.6863449272582884
0.6863449272354665
0.686344927213133
0.686344927191287
0.6863449271699239
0.6863449271490092
0.6863449271285347
0.6863449271085215
0.6863449270889691
0.6863449270697843
0.6863449270510475
0.6863449270326917
0.6863449270147636
0.6863449269972328
0.6863449269800496
0.6863449269632412
0.6863449269468084
0.6863449269307137
0.6863449269149934
0.6863449268995848
0.6863449268845471
0.6863449268698059
0.6863449268553926
0.6863449268412835
0.6863449268274906
0.6863449268140067
0.6863449268007721
0.6863449267878559
0.6863449267752074
0.6863449267628433
0.6863449267507686
0.6863449267389241
0.6863449267273354
0.6863449267160062
0.6863449267049003
0.6863449266940611
0.6863449266834473
0.6863449266730631
0.6863449266629088
0.6863449266529807
0.6863449266432561
0.6863449266337233
0.6863449266244233
0.6863449266153283
0.6863449266064059
0.686344926597712
0.6863449265891837
0.6863449265808396
0.6863449265726547
0.6863449265646853
0.6863449265568797
0.6863449265492217
0.6863449265417761
0.6863449265344097
0.6863449265272882
0.6863449265202795
0.6863449265134144
0.6863449265067254
0.6863449265001478
0.6863449264937411
0.6863449264874769
0.6863449264813363
0.6863449264753019
0.6863449264694407
0.686344926463703
0.6863449264580567
0.6863449264525557
0.6863449264471695
0.6863449264418993
0.6863449264367544
0.6863449264316701
0.6863449264267698
0.6863449264219322
0.6863449264172005
0.6863449264125872
0.6863449264080607
0.686344926403632
0.6863449263992997
0.6863449263950753
0.6863449263909444
0.6863449263868863
0.686344926382901
0.686344926379041
0.6863449263752305
0.686344926371538
0.6863449263678932
0.6863449263643322
0.6863449263608631
0.6863449263574788
0.6863449263541207
0.6863449263508629
0.6863449263476843
0.6863449263445709
0.686344926341533
0.6863449263385394
0.6863449263356336
0.6863449263327679
0.6863449263299627
0.6863449263272255
0.6863449263245426
0.6863449263219288
0.6863449263193858
0.686344926316867
0.6863449263144202
0.6863449263120258
0.6863449263096588
0.6863449263073818
0.6863449263051389
0.6863449263029346
0.6863449263007857
0.6863449262986944
0.6863449262966238
0.6863449262946157
0.6863449262926344
0.6863449262907352
0.686344926288843
0.6863449262869924
0.686344926285173
0.6863449262834164
0.6863449262816789
0.6863449262800103
0.686344926278349
0.6863449262767345
0.6863449262751465
0.6863449262735819
0.6863449262720831
0.6863449262706044
0.6863449262691301
0.6863449262677213
0.6863449262663474
0.6863449262649984
0.6863449262636577
0.6863449262623402
0.6863449262610793
0.6863449262598247
0.686344926258621
0.6863449262574187
0.6863449262562719
0.6863449262551187
0.6863449262540046
0.6863449262529201
0.6863449262518694
0.6863449262508065
0.6863449262497973
0.6863449262487837
0.6863449262478136
0.6863449262468704
0.6863449262459168
0.6863449262450154
0.68634492624409
0.6863449262432063
0.6863449262423718
0.686344926241533
0.6863449262406981
0.6863449262399183
0.6863449262390908
0.6863449262383498
0.6863449262375894
0.6863449262368544
0.6863449262361636
0.686344926235422
0.6863449262347273
0.6863449262340654
0.6863449262334008
0.6863449262327728
0.6863449262321204
0.6863449262315208
0.6863449262309146
0.6863449262302936
0.6863449262297309
0.6863449262291634
0.6863449262286089
0.6863449262280898
0.6863449262275523
0.6863449262270261
0.6863449262265275
0.6863449262260323
0.6863449262255409
0.6863449262250627
0.6863449262246022
0.6863449262241533
0.6863449262236954
0.6863449262232539
0.6863449262228347
0.6863449262224085
0.6863449262220107
0.6863449262216138
0.6863449262212125
0.6863449262208208
0.6863449262204676
0.6863449262201055
0.686344926219744
0.6863449262193831
0.6863449262190605
0.686344926218694
0.6863449262183978
0.6863449262180688
0.686344926217749
0.6863449262174359
0.6863449262171282
0.6863449262168533
0.6863449262165568
0.6863449262162858
0.6863449262160117
0.6863449262157315
0.6863449262154571
0.6863449262152173
0.686344926214956
0.6863449262147183
0.6863449262144617
0.686344926214252
0.6863449262140043
0.6863449262137733
0.6863449262135833
0.6863449262133449
0.6863449262131435
0.6863449262129294
0.6863449262127297
0.6863449262125336
0.6863449262123147
0.6863449262121387
0.6863449262119626
0.6863449262117743
0.6863449262115915
0.6863449262114023
0.6863449262112634
0.6863449262110936
0.6863449262109188
0.6863449262107693
0.686344926210596
0.686344926210458
0.6863449262103059
0.6863449262101522
0.6863449262100196
0.6863449262098603
0.6863449262097289
0.6863449262096092
0.6863449262094788
0.6863449262093533
0.6863449262092133
0.6863449262090972
0.6863449262089859
0.6863449262088533
0.6863449262087453
0.6863449262086421
0.6863449262085276
0.686344926208406
0.6863449262083324
0.6863449262081968
0.6863449262081242
0.686344926208011
0.6863449262079295
0.6863449262078228
0.6863449262077129
0.6863449262076492
0.6863449262075472
0.6863449262074756
0.6863449262073861
0.6863449262072893
0.6863449262072263
0.6863449262071385
0.686344926207047
0.6863449262069954
0.6863449262069073
0.6863449262068361
0.6863449262067686
0.6863449262066901
0.6863449262066323
0.6863449262065564
0.6863449262064784
0.6863449262064207
0.6863449262063629
0.6863449262063163
0.6863449262062429
0.6863449262061849
0.6863449262061253
0.6863449262060825
0.6863449262060295
0.6863449262059796
0.6863449262059169
0.686344926205882
0.6863449262058021
0.6863449262057594
0.6863449262057103
0.6863449262056764
0.6863449262056295
0.6863449262055916
0.6863449262055361
0.6863449262054933
0.686344926205458
0.6863449262054223
0.6863449262053776
0.6863449262053427
0.6863449262052844
0.6863449262052743
0.6863449262052245
0.6863449262051868
0.6863449262051377
0.6863449262051238
0.68634492620508
0.6863449262050607
0.686344926205022
0.6863449262049949
0.686344926204963
0.6863449262049288
0.6863449262048915
0.6863449262048629
0.6863449262048471
0.6863449262048054
0.6863449262047899
0.686344926204754
0.6863449262047253
0.6863449262047021
0.686344926204682
0.6863449262046616
0.6863449262046248
0.6863449262046165
0.6863449262045871
0.6863449262045721
0.6863449262045374
0.6863449262045263
0.6863449262045013
0.6863449262044747
0.6863449262044703
0.6863449262044357
0.6863449262044261
0.6863449262044078
0.6863449262043811
0.6863449262043714
0.6863449262043658
0.6863449262043215
0.6863449262043004
0.6863449262042899
0.6863449262042913
0.6863449262042641
0.6863449262042493
0.6863449262042363
0.686344926204219
0.6863449262041939
0.6863449262041912
0.6863449262041771
0.6863449262041839
0.6863449262041464
0.686344926204144
0.6863449262041286
0.6863449262041059
0.6863449262041205
0.6863449262040877
0.6863449262040793
0.6863449262040808
0.6863449262040443
0.6863449262040328
0.6863449262040402
0.6863449262040214
0.686344926204016
0.6863449262040168
0.6863449262039859
0.6863449262039805
0.6863449262039822
0.6863449262039693
0.6863449262039449
0.686344926203975
0.6863449262039485
0.6863449262039193
0.6863449262039238
0.6863449262039178
0.686344926203916
0.6863449262038932
0.6863449262038959
0.686344926203886
0.6863449262038885
0.6863449262038729
0.6863449262038511
0.6863449262038632
0.6863449262038457
0.6863449262038466
0.6863449262038424
0.6863449262038303
0.6863449262038309
0.6863449262038193
0.6863449262037978
0.6863449262038105
0.6863449262038056
0.6863449262038072
0.6863449262037773
0.6863449262037886
0.6863449262037866
0.6863449262037861
0.6863449262037854
0.6863449262037781
0.6863449262037767
0.6863449262037583
0.6863449262037548
0.6863449262037418
0.6863449262037405
0.6863449262037385
0.6863449262037475
0.6863449262037268
0.6863449262037188
0.6863449262037156
0.6863449262037331
0.6863449262037287
0.6863449262037287
0.6863449262037299
0.6863449262037182
0.6863449262037165
0.6863449262037116
0.6863449262037005
0.6863449262036972
0.6863449262036875
0.6863449262036795
0.686344926203684
0.6863449262036833
0.6863449262036768
0.6863449262036736
0.6863449262036704
0.686344926203654
0.6863449262036634
0.6863449262036639
0.6863449262036527
0.6863449262036503
0.6863449262036619
0.6863449262036571
0.6863449262036633
0.6863449262036705
0.6863449262036803
0.6863449262036867
0.6863449262036702
0.6863449262036616
0.6863449262036624
0.686344926203646
0.6863449262036331
0.6863449262036362
0.6863449262036431
0.6863449262036398
0.6863449262036309
0.686344926203625
0.6863449262036211
0.6863449262036266
0.6863449262036225
0.6863449262036195
0.6863449262036156
0.6863449262036293
0.686344926203626
0.6863449262036215
0.6863449262036152
0.686344926203614
0.6863449262036042
0.6863449262036015
0.6863449262036035
0.6863449262036031
0.6863449262036009
0.6863449262035963
0.6863449262035956
0.6863449262035941
0.6863449262035923
0.6863449262035975
0.6863449262035953
0.6863449262035941
0.6863449262035934
0.6863449262035896
0.6863449262035906
0.6863449262035909
0.6863449262035914
0.6863449262035889
0.6863449262035898
0.686344926203592
0.6863449262035972
0.6863449262035934
0.6863449262035972
0.6863449262036002
0.6863449262036028
0.6863449262036082
0.6863449262036101
0.6863449262036156
0.6863449262036134
0.6863449262036174
0.6863449262036161
0.6863449262036136
0.6863449262036163
0.6863449262036135
0.6863449262036141
0.6863449262036133
0.6863449262036103
0.6863449262036055
0.686344926203605
0.6863449262035969
0.6863449262035841
0.6863449262035825
0.6863449262035786
0.6863449262035839
0.6863449262035857
0.6863449262035791
0.6863449262035841
0.6863449262035806
0.6863449262035786
0.6863449262035731
0.6863449262035768
0.6863449262035746
0.6863449262035743
0.686344926203574
0.6863449262035731
0.6863449262035751
0.686344926203571
0.686344926203571
0.6863449262035688
0.6863449262035703
0.6863449262035726
0.6863449262035693
0.6863449262035681
0.6863449262035659
